hUnfold: 10 - 20 : 20161.313173
       +/- 191.312240
hUnfoldWrong1: 10 - 20 : 18221.159921
hUnfoldWrong2: 10 - 20 : 17864.458103
hGen: 10 - 20 : 20877.000000
hGenNoBump: 10 - 20 : 20877.000000
hInvert: 10 - 20 : 20754.579810
       +/- 13674.416936
hUnfold_noOverflow: 10 - 20 : 20160.933473
hUnfold: 98 - 100 : 194.983585
       +/- 79.328306
hUnfoldWrong1: 98 - 100 : 193.702786
hUnfoldWrong2: 98 - 100 : 185.204417
hGen: 98 - 100 : 181.000000
hGenNoBump: 98 - 100 : 181.000000
hInvert: 98 - 100 : -5775.391004
       +/- 11562.780692
hUnfold_noOverflow: 98 - 100 : 439.344244
